Avalon-MM Interface
ADDRESS       WRITE       WRITEDATA       WAITREQUEST\t  000000       101101100       0
  000000       001101100       0
  000000       001101100       0
  000001       011011011       0
  000001       011011011       0
  000001       111011011       0
  000001       011011011       0
  000001       011011011       0
  000001       011011011       0
  000010       011011011       0
  000010       011011000       0
  000010       111011000       0
  000010       011011000       0
  000011       110001010       0
  000011       010101010       0
  000011       010101010       0
  000100       110101010       0
  000100       011011010       0
  000101       111011010       0
  000110       011101101       0
  000110       111101101       0
  000110       011101101       0
  000111       101100101       0
  000111       001110110       0
  001000       101110110       0
  001000       001110110       0
  011111       001110110       0
  011111       011110101       0
  011111       111110101       0
  011111       011110101       0
  UUUUUU       UUUUUUUUU       0
  UUUUUU       UUUUUUUUU       0
