UART testbench output file
ADDRESS READ    WRITE   WRITEDATA           RXDATA    RXD     
RXDATA
0       0       0       0000000000000000    01101011  1       
0       0       0       0000000000000000    01101011  0       
0       0       0       0000000000000000    01101011  1       
0       0       0       0000000000000000    01101011  1       
0       0       0       0000000000000000    01101011  0       
0       0       0       0000000000000000    01101011  1       
0       0       0       0000000000000000    01101011  0       
0       0       0       0000000000000000    01101011  1       
0       0       0       0000000000000000    01101011  1       
0       0       0       0000000000000000    01101011  0       
RXDATA
0       0       0       0000000000000000    01101111  1       
0       0       0       0000000000000000    01101111  0       
0       0       0       0000000000000000    01101111  1       
0       0       0       0000000000000000    01101111  1       
0       0       0       0000000000000000    01101111  1       
0       0       0       0000000000000000    01101111  1       
0       0       0       0000000000000000    01101111  0       
0       0       0       0000000000000000    01101111  1       
0       0       0       0000000000000000    01101111  1       
0       0       0       0000000000000000    01101111  0       
RXDATA
0       0       0       0000000000000000    01110101  1       
0       0       0       0000000000000000    01110101  0       
0       0       0       0000000000000000    01110101  1       
0       0       0       0000000000000000    01110101  0       
0       0       0       0000000000000000    01110101  1       
0       0       0       0000000000000000    01110101  0       
0       0       0       0000000000000000    01110101  1       
0       0       0       0000000000000000    01110101  1       
0       0       0       0000000000000000    01110101  1       
0       0       0       0000000000000000    01110101  0       
Avalon write
0       0       1       0101010110101010    01110101  1       
0       0       0       0101010110101010    01110101  1       
0       0       0       0101010110101010    01110101  1       
0       0       0       0101010110101010    01110101  1       
0       0       0       0101010110101010    01110101  1       
0       0       0       0101010110101010    01110101  1       
0       0       0       0101010110101010    01110101  1       
0       0       0       0101010110101010    01110101  1       
0       0       0       0101010110101010    01110101  1       
0       0       0       0101010110101010    01110101  1       
RXDATA
0       0       0       0000000000000000    01010101  1       
0       0       0       0000000000000000    01010101  0       
0       0       0       0000000000000000    01010101  1       
0       0       0       0000000000000000    01010101  0       
0       0       0       0000000000000000    01010101  1       
0       0       0       0000000000000000    01010101  0       
0       0       0       0000000000000000    01010101  1       
0       0       0       0000000000000000    01010101  0       
0       0       0       0000000000000000    01010101  1       
0       0       0       0000000000000000    01010101  0       
Avalon read
1       1       0       0000000000000000    01010101  1       Avalon write
0       0       1       0110100100111010    01010101  1       
0       0       0       0110100100111010    01010101  1       
0       0       0       0110100100111010    01010101  1       
0       0       0       0110100100111010    01010101  1       
0       0       0       0110100100111010    01010101  1       
0       0       0       0110100100111010    01010101  1       
0       0       0       0110100100111010    01010101  1       
0       0       0       0110100100111010    01010101  1       
0       0       0       0110100100111010    01010101  1       
0       0       0       0110100100111010    01010101  1       
Avalon read
